8.987494e-03, 
-1.467438e-02, 
2.305450e-02, 
-3.380496e-02, 
3.308472e-01, 
5.550059e-02, 
-3.942647e-01, 
4.443380e-02, 
1.796870e-01, 
1.794111e-01, 
6.655756e-01, 
4.731856e-04, 
-1.268003e-01, 
-9.216592e-02, 
-3.437661e-01, 
-2.596214e-01, 
-2.444458e-01, 
-5.637813e-02, 
-9.630740e-03, 
8.482903e-02, 
1.589608e-01, 
2.592330e-02, 
1.006780e-01, 
6.468881e-02, 
-1.836987e-02, 
1.578324e-02, 
1.032947e-02, 
-1.123269e-02, 
-1.014521e-01, 
-1.644758e-01, 
-1.136775e-01, 
-7.831843e-02, 
-2.399818e-02, 
2.280200e-02, 
3.723059e-02, 
5.725978e-02, 
5.928037e-02, 
5.190051e-02, 
2.333464e-02, 
-6.283948e-03, 
-8.672153e-03, 
-2.093848e-02, 
-2.869201e-02, 
-3.710882e-02, 
-4.433694e-02, 
-1.708306e-02, 
-1.205399e-02, 
-7.864488e-03, 
8.032865e-03, 
1.542701e-02, 
2.374623e-02, 
1.660885e-02, 
-3.825300e-04, 
-7.481541e-03, 
-9.851443e-03, 
-6.032279e-03, 
-1.009272e-02, 
-1.520826e-02, 
-9.254781e-03, 
-8.249638e-03, 
-9.717473e-04, 
3.130937e-03, 
-2.100642e-03, 
-6.597741e-04, 
7.423706e-03, 
1.111942e-02, 
1.426269e-03, 
-9.182064e-03, 
-9.355322e-03, 
-9.509616e-03, 
-7.366759e-03, 
-1.201188e-02, 
-1.440432e-02, 
-2.319833e-03, 
6.632043e-03, 
2.346562e-03, 
-3.380197e-03, 
-4.811330e-03, 
-2.317077e-03, 
-3.840668e-03, 
-7.674051e-03, 
-7.014054e-03, 
-2.418520e-03, 
4.984609e-04, 
-2.227414e-03, 
-4.514842e-03, 
-1.166958e-03, 
2.618590e-03, 
2.700722e-03, 
6.883628e-04, 
-1.494229e-03, 
1.055280e-04, 
2.674180e-03, 
++++++++++++++
6.664697e-05, 
1.382797e-07, 
-1.106937e-06, 
-2.097895e-05, 
4.588353e-05, 
-5.048872e-05, 
7.149904e-06, 
1.381542e-04, 
-1.593488e-04, 
4.776150e-04, 
-6.823971e-04, 
1.135347e-03, 
-1.574943e-03, 
2.702140e-03, 
-3.967379e-03, 
2.524403e-02, 
6.296189e-02, 
-2.833592e-02, 
1.885083e-02, 
-2.577785e-02, 
5.504913e-02, 
5.106199e-02, 
1.279819e-01, 
1.145681e-01, 
-2.986560e-02, 
4.093253e-02, 
-9.285385e-02, 
-6.521336e-02, 
-5.859144e-02, 
-8.469640e-02, 
1.408984e-03, 
-1.007150e-02, 
3.675652e-02, 
4.924850e-02, 
3.775084e-02, 
4.481821e-02, 
1.381866e-02, 
8.512708e-03, 
-7.685957e-03, 
-2.842151e-02, 
-3.124408e-02, 
-4.650575e-02, 
-5.708081e-02, 
-4.706946e-02, 
-2.886278e-02, 
-8.530375e-03, 
4.442953e-03, 
1.746178e-02, 
2.092940e-02, 
1.284062e-02, 
6.567139e-03, 
-2.119253e-03, 
-1.155135e-02, 
-1.435416e-02, 
-1.790781e-02, 
-1.674163e-02, 
-1.442262e-02, 
-8.226637e-03, 
-2.308244e-03, 
-7.343123e-04, 
1.969797e-03, 
2.137173e-03, 
1.781359e-03, 
1.183258e-03, 
-2.275366e-03, 
-5.420721e-03, 
-6.745438e-03, 
-7.791185e-03, 
-6.005705e-03, 
-6.113907e-03, 
-4.820644e-03, 
-3.069979e-03, 
-2.907952e-03, 
-9.120202e-04, 
-2.173385e-03, 
-2.405616e-03, 
-1.296317e-03, 
-2.595412e-03, 
-2.147483e-03, 
-3.014387e-03, 
-4.617205e-03, 
-4.728609e-03, 
-5.000021e-03, 
-5.254631e-03, 
-4.092254e-03, 
-2.157846e-03, 
-3.269392e-04, 
-1.298238e-04, 
-1.536609e-04, 
-1.098697e-03, 
-2.457528e-03, 
-2.899089e-03, 
-3.515066e-03, 
